1.498489888733000040e+09 1.041267172847918346e+03 1.743620493851195477e+02
1.498489888931999922e+09 1.112739149205618332e+03 1.627182822933456237e+02
1.498489892132999897e+09 1.358863469743404721e+03 2.526202451775734517e+02
1.498489892203000069e+09 1.304993146500199146e+03 1.193207331650949641e+02
1.498489892467000008e+09 1.315792126551947149e+03 6.040822969348049298e+01
1.498489893263000011e+09 1.279077481940144480e+03 9.763264396284829445e+02
1.498489893392999887e+09 1.345076960593054991e+03 2.114836129535700309e+02
1.498489894723999977e+09 1.293126741257849517e+03 9.677706799273214529e+02
1.498489894923000097e+09 1.933921047637122683e+02 3.996237584614410707e+02
1.498489898059000015e+09 1.295077048090904782e+03 4.070302007461360745e+02
1.498489899250000000e+09 1.295767042113357547e+03 5.313857149319219388e+02
1.498489899385999918e+09 1.336789786604962046e+03 1.010177175729528130e+03
1.498489899717000008e+09 1.007323750199648487e+02 3.647920459990417186e+01
1.498489901973999977e+09 5.337746486650652287e+02 6.477954554239487379e+02
1.498489902040999889e+09 5.355574123931963868e+02 6.577206034633827585e+02
1.498489902108000040e+09 5.394543029145781929e+02 6.738408783514996685e+02
1.498489902174000025e+09 5.421436198611852433e+02 6.878955869425702758e+02
1.498489902242000103e+09 5.429178784761144243e+02 7.093304874365942396e+02
1.498489902308000088e+09 5.381949678296230104e+02 7.189320859776614725e+02
1.498489902375000000e+09 5.355530146352489282e+02 7.344946318585069776e+02
1.498489902438999891e+09 5.302270039474743726e+02 7.458569617873733932e+02
1.498489902506999969e+09 5.214107409033503018e+02 7.566663143459571756e+02
1.498489902573999882e+09 5.146619892580508804e+02 7.630950407261912005e+02
1.498489902638999939e+09 5.086971580563593989e+02 7.700546927173410268e+02
1.498489902706000090e+09 4.942745442718832578e+02 7.817133065621623018e+02
1.498489902773000002e+09 4.751924469763001753e+02 7.908382154567716498e+02
1.498489902839999914e+09 4.584699804177176929e+02 7.983274191454901256e+02
1.498489902905999899e+09 4.458149475820088128e+02 8.004656803066169459e+02
1.498489902971999884e+09 4.236768778525566859e+02 8.030277300740052624e+02
1.498489903039000034e+09 3.970301085343952536e+02 8.080345123760444039e+02
1.498489903105999947e+09 3.708497419743985120e+02 8.086239025534481470e+02
1.498489903173000097e+09 3.519817593735818946e+02 8.055403013898122708e+02
1.498489903237999916e+09 3.306543034584660745e+02 8.048529286143048012e+02
1.498489903305000067e+09 3.145584675846757818e+02 8.023360273602736470e+02
1.498489903371000051e+09 3.025643092625208510e+02 7.960913155398997105e+02
1.498489903438999891e+09 2.887400317617526753e+02 7.887570112076864461e+02
1.498489903505000114e+09 2.677504837909586968e+02 7.820395863655442099e+02
1.498489903571000099e+09 2.443938759614448486e+02 7.732510466361600265e+02
1.498489903637000084e+09 2.228389538921835538e+02 7.641999145162151308e+02
1.498489903704999924e+09 2.000365460489234408e+02 7.535665032127155882e+02
1.498489903769999981e+09 1.795585313130053180e+02 7.414753382802269925e+02
1.498489903838000059e+09 1.585011782040683102e+02 7.360183226198309967e+02
1.498489903904000044e+09 1.352895037079292706e+02 7.281122183399885444e+02
1.498489903970999956e+09 1.235356152719594007e+02 7.244252511835427413e+02
1.498489904036000013e+09 1.042998515038010652e+02 7.137391121257120403e+02
1.498489904104000092e+09 8.916947078058493048e+01 7.077032023528980744e+02
1.498489904170000076e+09 7.227543984783642372e+01 7.011938540180693735e+02
1.498489904236999989e+09 5.553248249579011997e+01 6.963683949304262342e+02
1.498489904704999924e+09 3.358448254238304571e+02 7.216186261839716281e+02
1.498489904769000053e+09 3.019548213639418464e+02 7.297566620133395645e+02
1.498489904836999893e+09 2.715945740531017805e+02 7.371046784950294750e+02
1.498489904901999950e+09 2.458677309806392657e+02 7.419373815275505422e+02
1.498489904970000029e+09 2.159849948612538526e+02 7.434899182694659885e+02
1.498489905035000086e+09 1.899399845504783286e+02 7.439989007071127389e+02
1.498489905101999998e+09 1.700066803429593278e+02 7.441818157908578542e+02
1.498489905170000076e+09 1.575790341361769720e+02 7.445962247962247602e+02
1.498489905234999895e+09 1.296223901951101993e+02 7.416854559957457695e+02
1.498489905302000046e+09 1.187168237932460926e+02 7.430025401525542748e+02
1.498489906233999968e+09 1.255778097921654307e+03 6.337774552799022558e+02
1.498489906299999952e+09 1.237607707910750605e+03 6.318325638301297431e+02
1.498489906367000103e+09 1.222097227630667930e+03 6.221698792834890810e+02
1.498489906434000015e+09 1.197773632108600623e+03 6.153342048466391816e+02
1.498489906500999928e+09 1.166093879059361598e+03 6.054331850165045807e+02
1.498489906565999985e+09 1.129037171857244630e+03 5.893254800562392575e+02
1.498489906631999969e+09 1.094832096940625206e+03 5.679873478911601978e+02
1.498489906700000048e+09 1.069413675706866798e+03 5.483562127332179443e+02
1.498489906766999960e+09 1.047561109365179163e+03 5.296142729939240326e+02
1.498489906832999945e+09 1.027399616870269710e+03 5.090948350762595283e+02
1.498489906898000002e+09 1.007426677657500704e+03 4.870202086184728500e+02
1.498489906966000080e+09 9.875352136829734491e+02 4.647484174900761786e+02
1.498489907032999992e+09 9.668847597279833508e+02 4.407866239641825814e+02
1.498489907099999905e+09 9.423480888531054234e+02 4.223797314175414499e+02
1.498489907164999962e+09 9.172586637094537991e+02 3.971138186469778475e+02
1.498489907232000113e+09 8.901392951537379759e+02 3.768918329351007515e+02
1.498489907298000097e+09 8.613704625431950035e+02 3.560094262858108891e+02
1.498489907364000082e+09 8.276171453639905167e+02 3.301867564708007308e+02
1.498489907430999994e+09 7.960956485594782635e+02 3.116497285220689264e+02
1.498489907499000072e+09 7.666895774377668431e+02 2.959394375429677098e+02
1.498489907565000057e+09 7.330950134359350159e+02 2.749716725703350448e+02
1.498489907631000042e+09 7.009992196328220189e+02 2.533991628788454307e+02
1.498489907697000027e+09 6.732655450445662382e+02 2.334638484392952194e+02
1.498489907765000105e+09 6.489299275485456064e+02 2.149733211808505757e+02
1.498489907829999924e+09 6.219640610003199299e+02 1.942235713523972152e+02
1.498489907898000002e+09 6.000845757046225799e+02 1.726436454086050389e+02
1.498489907963000059e+09 5.797996662386441358e+02 1.441673808390202396e+02
1.498489908030999899e+09 5.628765814703901924e+02 1.374181349676161403e+02
1.498489908095999956e+09 5.553996149512807960e+02 1.214112221273013006e+02
1.498489909028000116e+09 1.267668027499425563e+02 1.005500698089532079e+03
1.498489909161000013e+09 1.004783628025144395e+02 9.826399155621560340e+02
1.498489909226999998e+09 9.546128508097987719e+01 9.734880958688778492e+02
1.498489909359999895e+09 8.868659134796794774e+01 9.570208791127486165e+02
1.498489909426000118e+09 8.610669333707653550e+01 9.369670538555118355e+02
1.498489909559999943e+09 7.366004936420156923e+01 9.243901521542162527e+02
1.498489909627000093e+09 6.722441815733795067e+01 9.161056796636715944e+02
1.498489909757999897e+09 5.792840263900782816e+01 8.918148650363179968e+02
1.498489909825000048e+09 5.099045667902803558e+01 8.611207956225201769e+02
1.498489909959000111e+09 3.776345940880824514e+01 8.417156699889258107e+02
1.498489910624000072e+09 8.394621844886797817e+02 4.286194608382514843e+02
1.498489910690999985e+09 8.221911874594898109e+02 4.059680913868625112e+02
1.498489910756999969e+09 7.970977043203896528e+02 3.793833748165949373e+02
1.498489910825000048e+09 7.799896775787128718e+02 3.473185010776591639e+02
1.498489910891000032e+09 7.720000401031013553e+02 3.173920479195604685e+02
1.498489910959000111e+09 7.617416868794283573e+02 2.957770303370652414e+02
1.498489911023999929e+09 7.553274377481759529e+02 2.586453650998572016e+02
1.498489911092000008e+09 7.530697531637639486e+02 2.371886020966461786e+02
1.498489911157999992e+09 7.549498817511272364e+02 2.111698286696298794e+02
1.498489911223000050e+09 7.562453653854179265e+02 1.940138141146028943e+02
1.498489911290999889e+09 7.546759455672535069e+02 1.776587021685471655e+02
1.498489911357000113e+09 7.487569488663430093e+02 1.593120091692490519e+02
1.498489911891999960e+09 5.942148260633332484e+02 9.151832012148399826e+02
1.498489911954999924e+09 5.772443254884684620e+02 8.991535911503872285e+02
1.498489912022000074e+09 5.574094113065489182e+02 8.758417688929273481e+02
1.498489912089999914e+09 5.405231849601549357e+02 8.529218245057895729e+02
1.498489912158999920e+09 5.240345661883411594e+02 8.273128471285483556e+02
1.498489912223000050e+09 5.139811628878508145e+02 8.038586246038678382e+02
1.498489912289999962e+09 5.045540143992902244e+02 7.768870960862592483e+02
1.498489912355999947e+09 5.010186538453363028e+02 7.532658555559806928e+02
1.498489912423000097e+09 4.970814335303498979e+02 7.256651144146218257e+02
1.498489912489000082e+09 4.936520730409148996e+02 7.000675546578595458e+02
1.498489912555999994e+09 4.937428226768629997e+02 6.753031535755637833e+02
1.498489912621000051e+09 4.920216642561489380e+02 6.469626478342257769e+02
1.498489912688999891e+09 4.898930764249234926e+02 6.165163088475189852e+02
1.498489912753999949e+09 4.812385030363172973e+02 5.855402194642849736e+02
1.498489912821000099e+09 4.706225857674145914e+02 5.570112113994399579e+02
1.498489912888999939e+09 4.604277357349844237e+02 5.268454228949068465e+02
1.498489912956000090e+09 4.468543131325033073e+02 4.975210714425984975e+02
1.498489913020999908e+09 4.294790380036875490e+02 4.604344154449277653e+02
1.498489913088999987e+09 4.121418195928055752e+02 4.303063498584862145e+02
1.498489913154999971e+09 3.873698462344025302e+02 3.978882452769323663e+02
1.498489913223000050e+09 3.652680843047215262e+02 3.714954480160131425e+02
1.498489913621999979e+09 9.243195518673019251e+02 8.866211705091471913e+02
1.498489913687999964e+09 9.102531249515961917e+02 8.590348714135984665e+02
1.498489913753999949e+09 8.963110332067386707e+02 8.298990505404615305e+02
1.498489913819999933e+09 8.895703920910713123e+02 7.968644482374622839e+02
1.498489913888999939e+09 8.857730058153850905e+02 7.639211229186793162e+02
1.498489913953999996e+09 8.855394775433102268e+02 7.320124673775259225e+02
1.498489914019000053e+09 8.847470728885460858e+02 7.008323589150276121e+02
1.498489914085999966e+09 8.878589189102922319e+02 6.673441165674523745e+02
1.498489914154000044e+09 8.928130966108029725e+02 6.369884587236148263e+02
1.498489914220000029e+09 8.995265172168476511e+02 6.039060356332403217e+02
1.498489914286000013e+09 9.056970891618592532e+02 5.775984900375968891e+02
1.498489914351999998e+09 9.155495934477702349e+02 5.358162541901784834e+02
1.498489914418999910e+09 9.276359202096680292e+02 4.929503057658707235e+02
1.498489914484999895e+09 9.403333772571985492e+02 4.508378184480234268e+02
1.498489914552000046e+09 9.526027753907848137e+02 4.072769355102708460e+02
1.498489914618000031e+09 9.646642038624889892e+02 3.661724604001388457e+02
1.498489914684999943e+09 9.742812483562724992e+02 3.269326962975950437e+02
1.498489914750999928e+09 9.825098795531457654e+02 2.901089358708440500e+02
1.498489914818000078e+09 9.872248291221872023e+02 2.545603064280777232e+02
1.498489915283999920e+09 4.466430913928593327e+02 7.058945609801374133e+01
1.498489915351000071e+09 4.582414537292817727e+02 5.384387948895027876e+01
1.498489915415999889e+09 4.686335997317386841e+02 4.625035861323794961e+01
1.498489915483999968e+09 4.789454524226503054e+02 3.722743724460011094e+01
1.498489916151000023e+09 8.229733296039750030e+02 8.142819230326264233e+02
1.498489916216000080e+09 8.385836531674607386e+02 8.277372011205222861e+02
1.498489916280999899e+09 8.542509212113091053e+02 8.413119723971593658e+02
1.498489916348999977e+09 8.699909954214007257e+02 8.545971002204511251e+02
1.498489916414999962e+09 8.838857262352870521e+02 8.635745533847164097e+02
1.498489916482000113e+09 9.059083355184569655e+02 8.794656352882906276e+02
1.498489916549000025e+09 9.326451438620863428e+02 9.002729492968149998e+02
1.498489916615000010e+09 9.543882863594350283e+02 9.164808302036900614e+02
1.498489916680999994e+09 9.781944421606511924e+02 9.325671188577379098e+02
1.498489916749000072e+09 1.006867320866098339e+03 9.484154882266128652e+02
1.498489916815999985e+09 1.033205692129742829e+03 9.654845424085930290e+02
1.498489916953999996e+09 2.017718653111255378e+02 4.823252577691254146e+02
1.498489917549000025e+09 1.111741049616713099e+03 4.436163760424564373e+01
1.498489917944999933e+09 4.738768593972318399e+02 2.304494890699779930e+01
1.498489918013000011e+09 4.915580856152681690e+02 2.609105774393517407e+01
1.498489918611999989e+09 7.104800692176156645e+02 4.057153579144609807e+02
1.498489918809999943e+09 7.895363238280665428e+02 3.931292453758900933e+02
1.498489918878000021e+09 8.127850995729969554e+02 3.938961935942226091e+02
1.498489918944000006e+09 8.294778998585273939e+02 4.044681157695715115e+02
1.498489919010999918e+09 8.704396854308798765e+02 3.987248310574135530e+02
1.498489919076999903e+09 8.980498147980239310e+02 4.112872863796791307e+02
1.498489919144000053e+09 9.253218422485367682e+02 4.193340921464542816e+02
1.498489919210000038e+09 9.448131435789736088e+02 4.203116515903464574e+02
1.498489919410000086e+09 1.029385249839027892e+03 5.018715390983514339e+02
1.498489919476999998e+09 1.036156753895552811e+03 5.201474579385285324e+02
1.498489919543999910e+09 1.055253825479304851e+03 5.356341914033724834e+02
1.498489919609999895e+09 1.084829134046840409e+03 5.513322060912363440e+02
1.498489919677999973e+09 1.109531991057852110e+03 5.469883313551929405e+02
1.498489919809999943e+09 1.174998980414770585e+03 5.778679846059344527e+02
1.498489919943000078e+09 1.223563725154918302e+03 5.819616112425845813e+02
1.498489920740999937e+09 1.008464684502397972e+03 1.980560551558752991e+01
1.498489920808000088e+09 1.095745982578658641e+03 3.589654201396710675e+01
1.498489920940000057e+09 1.107540985650930224e+03 5.649858535786938774e+01
1.498489921410000086e+09 1.229794140535090037e+03 8.524679534253281190e+02
1.498489921538000107e+09 1.256484048079120612e+03 8.493931101830496573e+02
1.498489921605999947e+09 1.273888779171192482e+03 8.503418583983410599e+02
1.498489921739000082e+09 1.302846900132258725e+03 8.452045575900961012e+02
1.498489921805000067e+09 1.321376920089328905e+03 8.438444412078841879e+02
1.498489922803999901e+09 4.329752223812329817e+02 9.683108398574514695e+02
1.498489922871000051e+09 4.532135775463340792e+02 9.813646652954171259e+02
1.498489922937000036e+09 4.921517249571518278e+02 9.915649962949763676e+02
1.498489923003000021e+09 5.375482855743325672e+02 9.980490448199852835e+02
1.498489923071000099e+09 6.040694805298309120e+02 9.972093395178814035e+02
1.498489923135999918e+09 6.531081709578380696e+02 9.922595272111944951e+02
1.498489923203000069e+09 6.954332709633655440e+02 9.857083088633640955e+02
1.498489923269000053e+09 7.281828972935142019e+02 9.808229181055519348e+02
1.498489924000999928e+09 6.967347798393227265e+01 8.233574760114240121e+01
1.498489924068000078e+09 8.786031283396482650e+01 9.665812688234721861e+01
1.498489924132999897e+09 9.318671515541178962e+01 9.946306081854895353e+01
1.498489924200000048e+09 1.112933949861734391e+02 1.034335588648624054e+02
1.498489924267999887e+09 1.257390142791340395e+02 1.150444649163212034e+02
1.498489924335000038e+09 1.426895161115094481e+02 1.144462551333029126e+02
1.498489924400000095e+09 1.633541028341631431e+02 1.175649256351334060e+02
1.498489924467999935e+09 1.797809003637576666e+02 1.200393641675098735e+02
1.498489924533999920e+09 2.029858577347096400e+02 1.254714521452145135e+02
1.498489924601000071e+09 2.395693548622994058e+02 1.275810809822590670e+02
1.498489924667999983e+09 2.750888788375643230e+02 1.276083413429825981e+02
1.498489924733000040e+09 3.019162521097983358e+02 1.269094193242722923e+02
1.498489924937000036e+09 3.788451014205171532e+02 1.375526591388704958e+02
1.498489924999000072e+09 4.165277400920900845e+02 1.379341956503864424e+02
1.498489925065000057e+09 4.499892783274637509e+02 1.415490245402202163e+02
1.498489925132999897e+09 4.782629313477222581e+02 1.442184619340700920e+02
1.498489925198999882e+09 5.098571543343777535e+02 1.483297072922524649e+02
1.498489925265000105e+09 5.397393440694639821e+02 1.567405203387655490e+02
1.498489925331000090e+09 5.658434495397427781e+02 1.656738133871043885e+02
1.498489925398000002e+09 5.912218922532119905e+02 1.794507393687046601e+02
1.498489925464999914e+09 6.208351235607974559e+02 1.962020750591727563e+02
1.498489925530999899e+09 6.390812480827380568e+02 2.098348257543664772e+02
1.498489925596999884e+09 6.617199312245844567e+02 2.239099551504234569e+02
1.498489925664999962e+09 6.892499343915343388e+02 2.404069925925925588e+02
1.498489925730999947e+09 7.190433595892118319e+02 2.572700117985276620e+02
1.498489925798000097e+09 7.429633951259987725e+02 2.711738053351523945e+02
1.498489925865000010e+09 7.748393619817333047e+02 2.835932510348906135e+02
1.498489925931999922e+09 7.984771439738517529e+02 2.930550623424259129e+02
1.498489925996999979e+09 8.322943967585434848e+02 3.023960787972490039e+02
1.498489926062999964e+09 8.595224848186443296e+02 3.099440523733974828e+02
1.498489926130000114e+09 8.894954985885403858e+02 3.122156290531776790e+02
1.498489926196000099e+09 9.215338649864803529e+02 3.102919222203620961e+02
1.498489926263000011e+09 9.562355103895566799e+02 3.054007311934564655e+02
1.498489926328999996e+09 9.889336599435854396e+02 2.999699529172233952e+02
1.498489926395999908e+09 1.021462702850877122e+03 2.942029879385964364e+02
1.498489926463000059e+09 1.054084969210356121e+03 2.875784030211274853e+02
1.498489926529000044e+09 1.083819042988095816e+03 2.811278897353239472e+02
1.498489926595000029e+09 1.123955937509228761e+03 2.733388500044299008e+02
1.498489926663000107e+09 1.160379987585350591e+03 2.656290378646802992e+02
1.498489926727999926e+09 1.194740599689245755e+03 2.567707362226850591e+02
1.498489926795000076e+09 1.222783546257395074e+03 2.489611306410586167e+02
1.498489926862999916e+09 1.248673696489693157e+03 2.418830562846310670e+02
1.498489926927999973e+09 1.273599111857057778e+03 2.367950889891254747e+02
1.498489926994999886e+09 1.294298687325155925e+03 2.318288194124217227e+02
1.498489927062999964e+09 1.314114156121359883e+03 2.262859556843014559e+02
1.498489927130000114e+09 1.332383116222267518e+03 2.210040369088811758e+02
1.498489927196000099e+09 1.345732288909554654e+03 2.158313422514724209e+02
1.498489929323999882e+09 1.356859745750924731e+03 9.328272552783109859e+02
1.498489929390000105e+09 1.347278833223306037e+03 9.203793246778649291e+02
1.498489929456000090e+09 1.338435175438596389e+03 9.133685087719297826e+02
1.498489929523000002e+09 1.337638691683569959e+03 9.042835742055442552e+02
1.498489929589999914e+09 1.340947346855152546e+03 8.990942429829951834e+02
1.498489929657000065e+09 1.343284456798702649e+03 8.961096826499883718e+02
1.498489929723999977e+09 1.335504788586870063e+03 8.907994953107613583e+02
1.498489929789000034e+09 1.327531012424256915e+03 8.770324187922914234e+02
1.498489929858999968e+09 1.321507744226829800e+03 8.608027616900244539e+02
1.498489929924999952e+09 1.319107377398720701e+03 8.445575550817341082e+02
1.498489929990000010e+09 1.316621000246771473e+03 8.259135340407445938e+02
1.498489930056999922e+09 1.314825485561350206e+03 8.070221363448767988e+02
1.498489930125999928e+09 1.314317988307422183e+03 7.864013542519002158e+02
1.498489930190000057e+09 1.314714188009135341e+03 7.662463757495816026e+02
1.498489930256999969e+09 1.322548902005585205e+03 7.485496318862655016e+02
1.498489930323999882e+09 1.333196883077057691e+03 7.284635847899417058e+02
1.498489930391000032e+09 1.343218012780735080e+03 7.102920953220766478e+02
1.498489930457999945e+09 1.353237395726012892e+03 6.929973412210442802e+02
1.498489930522000074e+09 1.360295695716775981e+03 6.826862868976168102e+02
1.498489930589999914e+09 1.366009858003881618e+03 6.725799238941668818e+02
1.498489930657000065e+09 1.370514934131385189e+03 6.725577413960038484e+02
1.498489930721999884e+09 1.374921777423457115e+03 6.756575176052996312e+02
1.498489930789999962e+09 1.376684068930415151e+03 6.937924574032332430e+02
1.498489933056999922e+09 2.155212595266746689e+02 5.720747091857199393e+02
1.498489933121999979e+09 3.369322315146687856e+02 5.812343024027611591e+02
1.498489933721999884e+09 1.025789909015715295e+02 5.717370681427753425e+02
1.498489935447999954e+09 6.688313190847571832e+02 8.784345121152587126e+02
1.498489935513000011e+09 6.524265211574396517e+02 8.621477648411670316e+02
1.498489935980000019e+09 4.499678342098598023e+02 3.899119599926500541e+02
1.498489936045000076e+09 4.279203230413157826e+02 4.017460924804254887e+02
1.498489936111999989e+09 4.045354023547530460e+02 4.203537651731614915e+02
1.498489936180000067e+09 3.859792018575820407e+02 4.407614840725294130e+02
1.498489936246999979e+09 3.694039630971718680e+02 4.601054500395684954e+02
1.498489936312000036e+09 3.510652021250610915e+02 4.792744717879824066e+02
1.498489936378999949e+09 3.336510984205381192e+02 4.916052168544528627e+02
1.498489936446000099e+09 3.156749469312650263e+02 5.041903535688402940e+02
1.498489936513000011e+09 2.979700253357895008e+02 5.144140156968373958e+02
1.498489936578000069e+09 2.747921951928115050e+02 5.256619663507183304e+02
1.498489936645999908e+09 2.575323772618026510e+02 5.262683088227508961e+02
1.498489936711999893e+09 2.341450576294328698e+02 5.276899051154455265e+02
1.498489936778000116e+09 2.090742759137135351e+02 5.221350242771214880e+02
1.498489936845000029e+09 1.889792871709306326e+02 5.124163885799035825e+02
1.498489936911999941e+09 1.740153611545041770e+02 5.040007531800937386e+02
1.498489936979000092e+09 1.619172738153771149e+02 5.012510094312916067e+02
1.498489937043999910e+09 1.512541318613322971e+02 4.952656603650692659e+02
1.498489937109999895e+09 1.409828439838802581e+02 4.945824076599096770e+02
1.498489937176000118e+09 1.302149871293736396e+02 4.964721581339180716e+02
1.498489937243000031e+09 1.151624583942843856e+02 4.962274304451369176e+02
1.498489937309999943e+09 1.017911237688382613e+02 4.945221945334440079e+02
1.498489937377000093e+09 8.507790616246498416e+01 4.988008665966386275e+02
1.498489937444000006e+09 7.562423685345315505e+01 4.972004834207122030e+02
1.498489937509999990e+09 5.939192135835567399e+01 5.079699016979445787e+02
1.498489937974999905e+09 6.962066932326805500e+02 7.194944741814291547e+02
1.498489938042999983e+09 6.821484526453067474e+02 7.375744069648584400e+02
1.498489938109999895e+09 6.639723830835649778e+02 7.538559978300671673e+02
1.498489938176000118e+09 6.471233431242123970e+02 7.651530713943880073e+02
1.498489938242000103e+09 6.217517699292028510e+02 7.779917692181201119e+02
1.498489938309999943e+09 5.957646581532661685e+02 7.817030004951586761e+02
1.498489938375999928e+09 5.625337260195524323e+02 7.894958154374769492e+02
1.498489938441999912e+09 5.402990318283930264e+02 7.953896900658038476e+02
1.498489938509000063e+09 5.113561236293338084e+02 8.065245412625974950e+02
1.498489938573999882e+09 4.738144837824401634e+02 8.234100117809692847e+02
1.498489938641999960e+09 4.437678095238095466e+02 8.341695414462079725e+02
1.498489938707999945e+09 4.161248164138897891e+02 8.498982213365806047e+02
1.498489938776000023e+09 3.937424664849606870e+02 8.640828461255712227e+02
1.498489938841000080e+09 3.640915218513724199e+02 8.838311584516255834e+02
1.498489938907999992e+09 3.379090257351003288e+02 9.025138304639204989e+02
1.498489938974999905e+09 3.223262684281064026e+02 9.149540532261152066e+02
1.498489939042000055e+09 3.128088626371423402e+02 9.236335965932121326e+02
1.498489939107000113e+09 3.064583099176273322e+02 9.398908499015274174e+02
1.498489939174999952e+09 2.989022901413765112e+02 9.423346478976100116e+02
1.498489939773999929e+09 1.072260138716196479e+03 4.955149261121686664e+02
1.498489939904999971e+09 1.008506698470328161e+03 5.091052124231293874e+02
1.498489939971999884e+09 9.830191564243151561e+02 5.085336587785274105e+02
1.498489940104000092e+09 9.196504291245270224e+02 5.223580098337970412e+02
1.498489940171000004e+09 9.027401263047675002e+02 5.190203054728430061e+02
1.498489940305000067e+09 8.429047644028496507e+02 5.419732314912934044e+02
1.498489941102999926e+09 6.118900272193853880e+02 7.934422001019828485e+02
1.498489941171000004e+09 5.879668922305763772e+02 8.180036448263515467e+02
1.498489941302000046e+09 5.426833574942370433e+02 8.498331234107274668e+02
1.498489941368999958e+09 5.254454390800832471e+02 8.892978448550348958e+02
1.498489941503000021e+09 4.721090302064578736e+02 9.063265008381101779e+02
1.498489941568000078e+09 4.471558213168112843e+02 9.238987471782877492e+02
1.498489941703000069e+09 4.080692169593232279e+02 9.387948289147933565e+02
1.498489941767999887e+09 3.924977677948603514e+02 9.482193978626635271e+02
1.498489941901999950e+09 4.005754126195238882e+02 9.526978202140603571e+02
1.498489941970000029e+09 3.517368740147932726e+02 9.675993239966048804e+02
1.498489942099999905e+09 3.369303628262253483e+02 9.706290260980267703e+02
1.498489942168999910e+09 3.326343683476473529e+02 9.804653404781129211e+02
1.498489942301000118e+09 2.924184490926546687e+02 9.943693595857530454e+02
1.498489942368999958e+09 2.743091772605375809e+02 1.009308952076808055e+03
