86.3415527344
86.3415527344
86.3415527344
86.3415527344
86.3415527344
86.3415527344
86.3415527344
86.3415527344
86.3415527344
86.3415527344
86.3415527344
86.3415527344
86.3415527344
86.3415527344
86.3415527344
86.3415527344
86.3415527344
86.3415527344
86.3415527344
86.3309326172
86.3309326172
86.3309326172
86.3309326172
86.3309326172
86.3309326172
86.3203125
86.3096923828
86.2884521484
86.1397705078
85.5238037109
82.7413330078
77.7498779297
75.5833740234
74.1921386719
72.9177246094
71.8132324219
70.6768798828
69.6148681641
68.4678955078
67.1828613281
66.0358886719
65.0375976562
64.1773681641
63.6463623047
63.0091552734
62.4462890625
61.7984619141
61.1612548828
60.3966064453
59.7381591797
58.9310302734
58.3681640625
57.7415771484
57.2105712891
56.6264648437
55.9892578125
55.4688720703
54.8104248047
54.3325195312
53.8970947266
53.3023681641
52.8775634766
52.2084960937
51.7730712891
51.5712890625
51.8474121094
56.2760009766
63.5401611328
69.498046875
72.38671875
74.3408203125
75.8276367188
77.0277099609
78.0047607422
78.9499511719
79.8951416016
80.5004882812
81.3076171875
81.8492431641
82.2846679688
82.6563720703
82.8581542969
83.0386962891
83.2298583984
83.3679199219
83.5697021484
83.9520263672
84.1962890625
85.2052001953
87.4460449219
88.4124755859
88.6673583984
88.7629394531
88.8266601562
88.8479003906
88.8797607422
88.8479003906
88.8372802734
88.7841796875
88.7416992187
88.7310791016
88.7204589844
88.6673583984
88.6036376953
88.4974365234
88.3806152344
88.2531738281
88.1788330078
88.1151123047
88.0407714844
87.9982910156
87.9664306641
88.0407714844
88.0938720703
88.1257324219
88.1788330078
88.189453125
88.2000732422
88.2000732422
88.2000732422
88.189453125
88.189453125
88.189453125
88.189453125
88.189453125
88.189453125
88.1788330078
88.1788330078
88.1788330078
88.189453125
88.1788330078
88.1788330078
88.1788330078
88.1788330078
88.1788330078
88.1788330078
88.1682128906
88.1682128906
88.1682128906
88.1682128906
88.1682128906
88.1682128906
88.1682128906
88.1682128906
88.1682128906
88.1682128906
88.1575927734
88.1682128906
88.1682128906
88.1575927734
88.1575927734
88.1575927734
88.1575927734
88.1682128906
88.1575927734
88.1575927734
88.1575927734
88.1575927734
88.1575927734
88.1575927734
88.1575927734
88.1575927734
88.1575927734
88.1575927734
88.1575927734
88.1575927734
88.1575927734
88.1575927734
88.1575927734
88.1469726562
88.1575927734
88.1469726562
88.1575927734
88.1575927734
88.1575927734
88.1469726562
88.1469726562
88.1575927734
88.1575927734
88.1575927734
88.1469726562
88.1469726562
88.1575927734
88.1575927734
88.1469726562
88.1469726562
88.1469726562
88.1469726562
88.1575927734
88.1469726562
88.1575927734
88.1575927734
88.1575927734
88.1469726562
88.1469726562
88.1469726562
88.1469726562
88.1469726562
88.1575927734
88.1469726562
88.1469726562
88.1469726562
88.1469726562
88.1575927734
88.1469726562
88.1469726562
88.1469726562
88.1575927734
88.1469726562
88.1469726562
88.1575927734
88.1469726562
88.1469726562
88.1469726562
88.1469726562
88.1469726562
88.1469726562
88.1469726562
88.1469726562
88.1575927734
88.1575927734
88.1469726562
88.1469726562
88.1469726562
88.1363525391
88.1469726562
88.1469726562
88.1469726562
88.1469726562
88.1575927734
88.1469726562
88.1469726562
88.1575927734
87.2336425781
86.9893798828
86.9787597656
86.9681396484
86.9575195312
86.9468994141
86.9468994141
86.9362792969
86.9362792969
86.9362792969
86.9362792969
86.9362792969
86.9362792969
86.9362792969
86.9256591797
86.9150390625
86.9150390625
86.9150390625
86.9150390625
86.9150390625
86.9256591797
86.9681396484
87.0212402344
87.0849609375
87.1805419922
87.2655029297
87.3823242187
87.5416259766
87.7327880859
88.0938720703
88.6354980469
89.5382080078
90.8975830078
92.2357177734
93.5738525391
94.9544677734
96.5050048828
98.8520507812
101.507080078
103.716064453
106.498535156
109.69519043
112.41394043
114.516723633
116.619506836
118.33996582
119.518798828
121.048095703
122.545532227
123.96862793
125.306762695
126.390014648
127.579467773
128.737060547
129.618530273
129.459228516
125.561645508
118.233764648
113.837036133
111.05456543
107.666748047
105.01171875
103.04699707
101.422119141
99.9034423828
98.9794921875
98.0767822266
97.3864746094
96.7492675781
96.2501220703
95.6553955078
95.3155517578
94.9332275391
94.4447021484
94.1898193359
93.9774169922
93.7225341797
93.5526123047
93.45703125
92.9897460937
92.8623046875
92.7348632812
92.5755615234
92.3950195312
92.2463378906
92.1401367187
92.0126953125
91.6197509766
91.5560302734
91.4816894531
91.3648681641
91.2161865234
91.0887451172
90.9719238281
90.8869628906
90.8020019531
90.7807617187
90.5789794922
90.3134765625
90.2391357422
90.2072753906
90.1329345703
90.0479736328
89.9630126953
89.888671875
89.7824707031
89.6975097656
89.6231689453
89.548828125
89.4851074219
89.4213867187
89.3470458984
89.3151855469
89.2514648437
89.1983642578
89.0815429687
88.8479003906
88.6036376953
88.3275146484
88.1363525391
87.9982910156
87.8283691406
87.7009277344
87.6053466797
87.4991455078
87.3823242187
87.3079833984
87.2655029297
87.2230224609
87.1805419922
87.1168212891
87.0637207031
87.0106201172
86.9787597656
86.9362792969
86.9044189453
86.8725585938
86.8406982422
86.8088378906
86.7875976562
86.7663574219
86.7451171875
86.7344970703
86.7132568359
86.7026367188
86.6813964844
86.66015625
86.6495361328
86.6389160156
86.6282958984
86.6176757812
86.6070556641
86.5964355469
86.5751953125
86.5858154297
86.5858154297
86.5858154297
86.5964355469
86.5964355469
86.5964355469
86.5964355469
86.5964355469
86.6070556641
86.6176757812
86.6070556641
86.6070556641
86.6070556641
86.6070556641
86.6070556641
86.5327148438
85.9698486328
84.4405517578
80.9890136719
78.1215820312
76.5710449219
75.5727539062
74.5213623047
73.3850097656
72.5035400391
71.9088134766
71.3140869141
70.7299804688
70.2839355469
70.0396728516
70.2945556641
71.1016845703
72.4716796875
73.4274902344
74.3408203125
75.0205078125
75.6683349609
76.1781005859
76.5922851562
77.0064697266
77.3038330078
77.5480957031
77.8029785156
78.0047607422
78.2596435547
78.5145263672
78.6632080078
78.84375
79.0455322266
79.2154541016
79.3641357422
79.5552978516
79.8739013672
79.9376220703
79.9057617188
79.4597167969
78.6844482422
77.1657714844
74.5532226562
70.517578125
67.1085205078
65.2606201172
63.9543457031
63.0622558594
62.6480712891
62.7861328125
63.6888427734
67.2147216797
70.2626953125
72.0574951172
73.1938476562
73.9478759766
74.7231445312
75.3284912109
75.9232177734
76.4011230469
76.8046875
77.2507324219
77.484375
77.7604980469
77.9729003906
78.1853027344
78.3446044922
78.5357666016
78.6632080078
78.7906494141
78.7375488281
78.4401855469
77.7498779297
75.9232177734
73.7142333984
72.2805175781
71.1654052734
70.1246337891
69.8060302734
69.8697509766
69.9759521484
70.0821533203
70.1564941406
70.2095947266
70.2520751953
70.3051757812
70.4113769531
70.5388183594
70.7299804688
70.9742431641
71.0485839844
71.1335449219
71.1547851562
71.2185058594
71.3671875
71.6857910156
71.7813720703
71.7919921875
71.7813720703
71.6645507812
71.3884277344
71.0592041016
70.3370361328
69.0944824219
67.3315429688
66.0571289062
65.080078125
64.2410888672
63.7100830078
63.1153564453
62.701171875
62.1701660156
61.7028808594
61.2993164062
61.0125732422
60.6196289062
60.2797851562
59.982421875
59.7169189453
59.5151367187
59.2708740234
59.0797119141
58.9522705078
58.8142089844
58.7080078125
58.6867675781
58.7292480469
58.7611083984
58.7823486328
58.8142089844
58.8354492187
58.8354492187
58.8566894531
58.8673095703
58.8673095703
58.8779296875
58.8779296875
58.8885498047
58.8885498047
58.8991699219
58.8991699219
58.9204101562
58.9204101562
58.9310302734
58.9416503906
58.9522705078
58.962890625
58.9735107422
58.9841308594
58.9947509766
59.0053710937
59.0159912109
59.0266113281
59.0372314453
59.0478515625
59.0478515625
59.0584716797
59.0690917969
59.0690917969
59.0690917969
59.0797119141
59.3983154297
61.6285400391
65.5473632812
68.4254150391
71.7495117188
74.6275634766
76.8896484375
78.6101074219
79.8845214844
81.0633544922
82.3271484375
83.4210205078
84.7697753906
85.9698486328
86.9150390625
87.0955810547
86.8831787109
86.7451171875
86.6176757812
86.490234375
86.3734130859
86.3096923828
86.2565917969
86.2034912109
86.1610107422
86.1185302734
86.0866699219
86.0654296875
86.0441894531
86.0335693359
86.0229492188
86.0123291016
86.0017089844
86.0017089844
85.9910888672
85.98046875
85.98046875
85.98046875
85.98046875
85.9698486328
85.9698486328
85.9698486328
85.9698486328
85.9698486328
85.9698486328
85.9592285156
85.9592285156
85.9592285156
85.9486083984
85.9486083984
85.9592285156
85.9486083984
85.9486083984
85.9486083984
85.9379882812
85.9379882812
85.9379882812
85.9379882812
85.9379882812
85.9379882812
85.9379882812
85.9379882812
85.9273681641
85.9379882812
85.9379882812
85.9379882812
85.9379882812
85.9379882812
85.9379882812
85.9273681641
85.9273681641
85.9273681641
85.9273681641
85.9273681641
85.9273681641
85.9273681641
85.9273681641
85.9273681641
85.9273681641
85.9167480469
85.9167480469
85.9273681641
85.9167480469
85.9167480469
85.9273681641
85.9273681641
85.9167480469
85.9167480469
85.9273681641
85.9167480469
85.9167480469
85.9273681641
85.9167480469
85.9273681641
85.9273681641
85.9167480469
85.9273681641
85.9167480469
85.9167480469
85.9167480469
85.7786865234
85.7680664062
85.7786865234
85.7786865234
85.7786865234
85.7786865234
85.7786865234
85.7786865234
85.7786865234
85.7786865234
85.7786865234
85.7786865234
85.7786865234
85.7786865234
85.7893066406
85.7786865234
85.7786865234
85.7893066406
85.7786865234
85.7786865234
85.7786865234
85.7786865234
85.7680664062
85.7786865234
85.7786865234
85.7786865234
85.7786865234
85.7680664062
85.7786865234
85.7893066406
85.7786865234
85.7786865234
85.7786865234
85.7786865234
85.7893066406
85.7680664062
85.7786865234
85.7786865234
85.7893066406
85.7786865234
85.7786865234
85.7893066406
85.7893066406
85.7786865234
85.7893066406
85.7680664062
85.7893066406
85.7786865234
85.7786865234
85.7786865234
85.7786865234
85.7786865234
85.7893066406
85.7786865234
85.7893066406
85.7786865234
85.7893066406
85.7786865234
85.7893066406
85.7786865234
85.7680664062
85.7786865234
85.7786865234
85.7893066406
85.7893066406
85.7893066406
85.7786865234
85.7786865234
85.7786865234
85.7786865234
85.7680664062
85.7786865234
85.7893066406
85.7893066406
85.7893066406
85.7680664062
85.7680664062
85.7786865234
85.7786865234
85.7786865234
85.7786865234
85.7680664062
85.7893066406
85.7786865234
85.7893066406
85.7786865234
85.7680664062
85.7680664062
85.7786865234
85.7893066406
85.7999267578
86.0760498047
86.0654296875
86.0654296875
86.0866699219
86.0760498047
86.0972900391
86.1291503906
86.150390625
86.1822509766
86.1822509766
86.1822509766
86.1716308594
86.1610107422
86.150390625
86.1397705078
86.150390625
86.150390625
86.150390625
86.150390625
86.1397705078
86.150390625
86.1610107422
86.1610107422
86.1610107422
86.1716308594
86.1716308594
86.2884521484
86.8194580078
88.0726318359
90.6002197266
94.9650878906
100.880493164
107.295043945
115.366333008
123.894287109
130.521240234
134.323242188
134.16394043
132.825805664
131.625732422
128.853881836
122.41809082
117.904541016
113.932617187
109.312866211
105.893188477
103.556762695
101.825683594
100.51940918
99.4361572266
98.384765625
97.7156982422
97.025390625
96.5368652344
96.1864013672
95.5491943359
95.1774902344
94.8588867187
94.2960205078
94.13671875
93.8499755859
93.5950927734
93.4676513672
92.9685058594
92.8516845703
92.7136230469
92.5437011719
92.3525390625
92.2144775391
92.1295166016
91.8321533203
91.5985107422
91.5241699219
91.4604492187
91.3861083984
91.2905273437
91.1737060547
91.0887451172
90.9825439453
90.9188232422
90.8126220703
90.2072753906
89.6125488281
88.4549560547
86.9787597656
85.5344238281
84.1007080078
82.0616455078
80.3305664062
78.8649902344
77.5799560547
76.4117431641
75.5515136719
74.8399658203
74.3089599609
73.7248535156
73.2257080078
72.5991210938
72.1424560547
71.8238525391
71.8450927734
72.0574951172
72.6203613281
73.5018310547
74.5638427734
75.4134521484
76.2205810547
76.8684082031
77.4631347656
77.9729003906
78.4932861328
78.7906494141
79.1092529297
79.3853759766
79.7677001953
80.0119628906
80.2880859375
80.6066894531
81.1164550781
81.6580810547
82.921875
87.2336425781
94.9226074219
102.6328125
109.16418457
117.341674805
123.331420898
128.630859375
133.452392578
138.305786133
142.798095703
146.334594727
149.648071289
152.812866211
156.349365234
158.356567383
157.836181641
156.009521484
150.28527832
138.58190918
126.634277344
118.520507812
113.985717773
110.385498047
107.645507812
105.638305664
103.875366211
102.643432617
101.634521484
100.742431641
100.115844727
99.4892578125
99.0113525391
98.4166259766
98.0343017578
97.6094970703
97.1740722656
96.8023681641
96.2713623047
95.6447753906
95.2412109375
94.8695068359
94.306640625
94.13671875
93.8393554687
93.5844726562
93.4676513672
92.9685058594
92.8410644531
92.6923828125
92.4906005859
92.3100585937
92.1826171875
92.09765625
91.6940917969
91.5772705078
91.5029296875
91.3967285156
91.2586669922
91.1206054687
90.9719238281
90.8763427734
90.8020019531
90.7595214844
90.4090576172
90.2497558594
90.2178955078
90.1329345703
90.0267333984
89.9311523437
89.7930908203
89.6868896484
89.5913085937
89.5169677734
89.4426269531
89.3895263672
89.2833251953
89.208984375
89.1134033203
89.0390625
88.9541015625
88.869140625
88.7841796875
88.7416992187
88.69921875
88.6567382812
88.6354980469
88.6036376953
88.5717773437
88.5505371094
88.4974365234
88.4761962891
88.4443359375
88.4337158203
88.4124755859
88.3912353516
88.3699951172
88.359375
88.3381347656
88.3168945312
88.3062744141
88.2850341797
88.2850341797
88.2637939453
88.2531738281
88.2531738281
88.2425537109
88.2319335937
88.2213134766
88.2213134766
88.2213134766
88.2106933594
88.2106933594
88.2000732422
88.189453125
88.1788330078
88.189453125
88.189453125
88.1788330078
88.1788330078
88.1788330078
