532.535605889, -1185.09277344,
82.5869062528, -1185.09277344,
216.748565006, -1185.09277344,
305.562794545, -1185.09277344,
123.135838233, -1185.09277344,
23.9397855349, -1185.09277344,
33.8863114545, -1185.09277344,
161.935906856, -1185.09277344,
212.153512139, -1185.09277344,
314.58923564, -1184.63867188,
50.6719373572, -1183.75,
215.297200636, -1182.89550781,
914.12498889, -1182.1875,
913.067480185, -1181.42089844,
2291.92500791, -1180.60546875,
2503.82854249, -1179.94628906,
12583.7260639, -1179.19921875,
16884.2545972, -1178.44726562,
25397.4890383, -1177.734375,
5213.99856458, -1177.12402344,
7153.42629381, -1176.25488281,
3603.06124729, -1175.74707031,
7602.92851306, -1175.18554688,
122337.539911, -1174.69726562,
633.471025597, -1174.0234375,
27096.7508153, -1173.53515625,
109734.02415, -1172.96875,
136439.967917, -1172.48535156,
113937.037898, -1171.48925781,
692005.191167, -1170.76660156,
31784.7073139, -1169.921875,
23540.1125706, -1169.09179688,
43942.1173152, -1169.03808594,
140747.700791, -1168.53515625,
71459.1245152, -1167.5390625,
7845420.03505, -1166.82617188,
59894926.5619, -1165.98632812,
8358756.75688, -1165.46875,
3327804.96178, -1165.29296875,
734301.998712, -1164.62402344,
579205.981803, -1163.75976562,
5126566.53561, -1162.87109375,
55379.5691598, -1162.0703125,
6673.27569623, -1161.38183594,
2716.27498703, -1160.53222656,
97.4197143266, -1159.73632812,
34.722422127, -1159.18945312,
2.94738118209, -1159.18945312,
7.60880326623, -1158.62304688,
4.4988311756, -1157.75878906,
2.14227745918, -1156.87988281,
1.36416553284, -1156.04492188,
2.5924085415, -1155.62011719,
0.415463460215, -1155.62011719,
0.423269530343, -1155.38574219,
8.75903261983, -1154.67285156,
0.154737040229, -1153.83300781,
0.207151994337, -1153.00292969,
0.0154804448872, -1152.11914062,
0.0313704905501, -1152.05078125,
0.0345979298134, -1152.05078125,
0.0153168097939, -1152.05078125,
0.0112781116337, -1152.05078125,