relatively good calibrated matrix:

[[ 1.08173077  0.          0.        ]
 [-0.06009615  0.78490566  0.        ]
 [-0.625       0.          1.        ]]


 an other one:

 [[ 1.20426804  0.07168262 -0.01433652]
 [-0.07885088  1.23294109  0.        ]
 [-0.59375     0.          1.        ]]


a more accurate one
 [[ 0.80054378  0.05886351  0.00588635]
 [-0.04120446  1.00067972 -0.02354541]
 [-0.5625      0.          1.        ]]

 Best one so far
 [[ 0.80672554  0.05661232 -0.00566123]
 [-0.0537817   1.01052989  0.        ]
 [-0.5546875   0.          1.        ]]